2.264196719144633e-01
2.035089531707934e-01
2.068094932165248e-01
2.281328215721821e-01
2.635987170440297e-01
3.118793881227755e-01
3.732457454041289e-01
4.490675825973347e-01
5.415734989297385e-01
6.537627673374415e-01
7.894094877618381e-01
9.531261246279223e-01
1.150468270853691e+00
1.388069976003881e+00
1.673802335617555e+00
2.016948377601359e+00
2.428385409382257e+00
2.920761559652766e+00
3.508646890513695e+00
4.208629483166721e+00
5.039314806907846e+00
6.021169959665382e+00
7.176135809474339e+00
8.526911347245502e+00
1.009579536989003e+01
1.190296596450801e+01
1.396409184393495e+01
1.628721515701169e+01
1.886895354451813e+01
2.169023451827908e+01
2.471201390594209e+01
2.787171502439298e+01
3.108138622152828e+01
3.422869613409253e+01
3.718175912532939e+01
3.979820320758012e+01
4.193804829410880e+01
4.347877092281044e+01
4.433001210021018e+01
4.444498486815485e+01
4.382612958589164e+01
4.252381721245729e+01
4.062857863577904e+01
3.825877001257061e+01
3.554636171272512e+01
3.262347318311834e+01
2.961157435046380e+01
2.661429017322587e+01
2.371383728811998e+01
2.097050017813319e+01
1.842426976744014e+01
1.609775101913806e+01
1.399959544657031e+01
1.212792556524141e+01
1.047342540041518e+01
9.021937539121836e+00
7.756524249651648e+00
6.659022702849711e+00
5.711160453984121e+00
4.895311623968610e+00
4.194972868059153e+00
3.595029564486140e+00
3.081871335532810e+00
2.643403687107480e+00
2.268991761699795e+00
1.949362886332665e+00
1.676487085076360e+00
1.443448758387945e+00
1.244318375957391e+00
1.074029918505175e+00
9.282672172887487e-01
8.033608591174470e-01
6.961962774262247e-01
6.041327852068434e-01
5.249330327942516e-01
4.567019855279568e-01
3.978345244704542e-01
3.469706689093073e-01
3.029574746951766e-01
2.648167312636360e-01
2.317176440336652e-01
2.029537907836811e-01
1.779237038224437e-01
1.561145354041855e-01
1.370883222618886e-01
1.204704451436100e-01
1.059399269619234e-01
9.322127986649775e-02
8.207764788176064e-02
7.230503710741232e-02
